# Camera list with one line of data per camera:
#   CAMERA_ID, MODEL, WIDTH, HEIGHT, PARAMS[]
# Number of cameras: 24
1 SIMPLE_RADIAL 1080 1920 1684.1319868376406 540 960 0.035414605033561419
2 SIMPLE_RADIAL 1080 1920 1683.0579777812966 540 960 0.038644403499838852
3 SIMPLE_RADIAL 1080 1920 1690.8831632372776 540 960 0.037018484938999376
4 SIMPLE_RADIAL 1080 1920 1691.8717295468941 540 960 0.038309839963776175
5 SIMPLE_RADIAL 1080 1920 1699.2284998560287 540 960 0.027038931828815727
6 SIMPLE_RADIAL 1080 1920 1695.7391119542353 540 960 0.020406220763465332
7 SIMPLE_RADIAL 1080 1920 1703.1491464419996 540 960 0.020237945816619224
8 SIMPLE_RADIAL 1080 1920 1704.3360959475774 540 960 0.019426953639433333
9 SIMPLE_RADIAL 1080 1920 1710.1354243123069 540 960 0.022167954058607768
10 SIMPLE_RADIAL 1080 1920 1707.7465738670612 540 960 0.026417768041120913
11 SIMPLE_RADIAL 1080 1920 1706.4297984053078 540 960 0.022842719158441209
12 SIMPLE_RADIAL 1080 1920 1710.5325745922685 540 960 0.018729386255310232
13 SIMPLE_RADIAL 1080 1920 1711.2223496107119 540 960 0.018412670236039319
14 SIMPLE_RADIAL 1080 1920 1708.2371005023672 540 960 0.017790319925479952
15 SIMPLE_RADIAL 1080 1920 1694.5362180441539 540 960 0.022605478743772556
16 SIMPLE_RADIAL 1080 1920 1715.2721673979327 540 960 0.014613624828442346
17 SIMPLE_RADIAL 1080 1920 1704.7376752708878 540 960 0.018576467033550478
18 SIMPLE_RADIAL 1080 1920 1710.8872375998094 540 960 0.018641803639181234
19 SIMPLE_RADIAL 1080 1920 1716.1109563613461 540 960 0.01533267040517567
20 SIMPLE_RADIAL 1080 1920 1702.1506759088297 540 960 0.015921725405332914
21 SIMPLE_RADIAL 1080 1920 1707.3705517284891 540 960 0.01406459769048643
22 SIMPLE_RADIAL 1080 1920 1706.2031447878994 540 960 0.010130285748488937
23 SIMPLE_RADIAL 1080 1920 1699.2650303111905 540 960 0.0017571410269054792
24 SIMPLE_RADIAL 1080 1920 1685.9470832382785 540 960 -0.0056956698751647579
