# Frame list with one line of data per frame:
#   FRAME_ID, RIG_ID, RIG_FROM_WORLD[QW, QX, QY, QZ, TX, TY, TZ], NUM_DATA_IDS, DATA_IDS[] as (SENSOR_TYPE, SENSOR_ID, DATA_ID)
# Number of frames: 24
1 2 0.84972066628678145 -0.019682009386825315 -0.48860080747733092 -0.19712092411549187 4.3889373762119552 -1.091178126525622 2.9173807914491432 1 CAMERA 2 1
2 5 0.87131020451441621 -0.01709613131639812 -0.45474332909747711 -0.18367023287512432 3.7571100505698087 -0.6932568148567495 1.9663545887440921 1 CAMERA 5 2
3 6 0.88700403570125963 -0.015321169093316539 -0.42863163159112283 -0.17106731665290303 3.19641000213579 -0.53471320945945244 1.2411966517050694 1 CAMERA 6 3
4 3 0.85259840850051649 -0.01986432112930335 -0.48414986212532207 -0.19565345274870552 4.3605099214159884 -1.0551205358684874 2.839089882953556 1 CAMERA 3 4
5 23 0.9999809953854274 0.0018938331353132369 0.0020225255974426612 0.0055074181095221813 -4.5897806591811836 -0.32510076957785095 0.61616332556185438 1 CAMERA 23 5
6 4 0.85976149102562616 -0.019593409656739984 -0.47313481235529009 -0.19123212644568829 4.379248883272318 -0.93544888947139149 2.5180127785639446 1 CAMERA 4 6
7 1 0.84965722646473563 -0.01955201631224128 -0.4887227729718529 -0.19710496531818217 4.3962964959056974 -1.0883698554470385 2.9196812547324811 1 CAMERA 1 7
8 14 0.97815834671890289 -0.010569378678252936 -0.19160438327770907 -0.07988928142915705 -0.86613195763485551 -0.16275836032836091 0.55243982768692823 1 CAMERA 14 8
9 7 0.90322725612040855 -0.013913881345308186 -0.3994160122437046 -0.15637703434469985 2.7972693291839343 -0.44090573235176289 1.0992955391107417 1 CAMERA 7 9
10 10 0.94578840273435816 -0.016799954090428393 -0.30406238342298303 -0.11290759842847622 1.0235694411292384 -0.37410360901751327 1.1706567650526856 1 CAMERA 10 10
11 11 0.95584592161220006 -0.018369570872191911 -0.27488395868850124 -0.10227385911871086 0.43248172406039082 -0.37222383753288873 1.1095195087373508 1 CAMERA 11 11
12 24 0.99993633831764783 0.00068841170202457995 -0.011254877334059752 -0.00041609784728847087 -4.7315422631896613 -0.26792162442048328 0.24005228650138355 1 CAMERA 24 12
13 12 0.96415401644328924 -0.018058393160076819 -0.24746470013825714 -0.094032702812544028 -0.095872868808292419 -0.38408634582514711 0.79810711785422983 1 CAMERA 12 13
14 9 0.9332227780589587 -0.01480694546825459 -0.33605209718633977 -0.12627346852954752 1.5835658584134695 -0.33159241959970998 1.0960934698122982 1 CAMERA 9 14
15 18 0.99825758991245894 0.0022044117042594549 -0.052259891466377099 -0.027309860767305683 -3.1932785634882386 -0.47190066006387016 1.2071877215933322 1 CAMERA 18 15
16 15 0.98670141600688388 -0.0050971233058670212 -0.14901658776460608 -0.064717783916082655 -1.8381446382301965 -0.2720476044580602 0.66119093796719997 1 CAMERA 15 16
17 13 0.9704043258299907 -0.017838969482961344 -0.22397755434346761 -0.088494467219970827 -0.20012038199199061 -0.12121834834891894 0.57280556857188347 1 CAMERA 13 17
18 20 0.99984250226719951 0.001049480763541717 -0.012831757504713472 -0.012215369398118851 -3.9511954483116489 -0.38215463910332287 0.95052062826898287 1 CAMERA 20 18
19 16 0.99232243824401467 -0.0051093381407750259 -0.11236628694797335 -0.051418778464124751 -2.3930125758192546 -0.19772835176258824 0.925013847071539 1 CAMERA 16 19
20 8 0.91907214584206143 -0.013642613759292462 -0.36772933741535746 -0.14105106958525915 2.3524861841347575 -0.41924894486150993 0.9221268082391777 1 CAMERA 8 20
21 17 0.99594024347900689 -0.0026722031731409726 -0.081093067526207901 -0.038984678379689497 -2.8433643129357358 -0.29888589368911267 0.91160517832199561 1 CAMERA 17 21
22 19 0.99936453087132038 0.0031657297733552288 -0.029061159351015178 -0.020395136884142236 -3.5802254351546998 -0.47105123698178997 1.3219764581827691 1 CAMERA 19 22
23 22 0.99999674572389252 0.0011412019032927007 0.0022446682603712979 0.00040946824244725711 -4.4530156465198383 -0.4357978469968305 0.72883635690219983 1 CAMERA 22 23
24 21 0.99998193645317091 0.0010277114419465867 -0.0028865448450553785 -0.0051709221050293451 -4.1793419985899281 -0.3781672078045894 0.9285374611553957 1 CAMERA 21 24
